57
45
13
49
39
59
85
9
74
91
19
26
82
42
53
76
7
44
88
83
2
89
12
47
21
10
2
19
94
30
69
49
82
77
75
81
92
22
90
24
77
4
33
16
9
12
58
11
39
38
40
92
41
3
13
14
55
58
18
87
49
13
27
27
39
44
52
36
48
89
65
49
75
72
10
20
8
7
69
13
62
67
75
99
43
44
9
20
61
70
52
19
99
95
50
5
27
9
89
80
65
89
30
66
11
22
86
32
76
27
93
25
38
46
37
35
64
85
69
24
96
19
52
60
96
42
74
17
74
98
6
20
7
26
6
82
88
32
28
93
36
9
9
85
30
42
13
55
58
42
9
4
86
39
96
90
20
36
77
41
57
55
15
3
61
2
96
65
20
98
59
7
91
72
39
42
25
73
39
97
29
68
33
2
58
11
78
86
67
47
32
35
0
73
33
41
89
96
1
16
90
8
65
35
82
33
13
54
60
67
3
28
52
48
42
83
8
17
67
63
45
6
42
30
18
53
54
35
19
95
92
78
83
7
18
38
71
8
90
83
78
42
32
67
88
53
9
64
74
79
36
47
83
66
45
90
75
71
59
15
17
19
7
74
6
35
65
65
87
58
91
70
49
66
46
9
36
81
2
99
0
1
43
14
19
7
5
24
45
37
65
32
33
76
43
97
14
16
68
20
7
56
7
79
15
31
36
25
21
76
85
6
47
1
24
71
86
83
15
74
72
9
61
82
56
9
6
46
27
60
55
37
10
33
4
74
44
1
49
66
31
5
13
19
81
2
80
69
37
39
0
74
4
81
24
8
68
3
95
2
48
62
29
14
21
72
24
39
62
35
7
36
49
77
9
97
54
95
18
87
66
77
99
21
59
21
78
99
58
32
13
96
31
84
50
30
72
11
81
30
4
98
7
32
33
44
3
99
15
45
83
81
94
75
17
1
40
91
22
39
2
33
45
29
10
22
53
78
95
39
57
39
84
16
86
43
87
25
88
78
7
6
44
45
17
51
77
79
23
23
6
8
84
30
17
76
6
37
38
72
56
70
45
52
22
75
85
49
56
43
6
62
38
77
55
55
3
53
46
95
15
28
60
52
47
41
54
67
84
19
39
63
29
73
63
34
18
35
54
1
49
59
59
73
44
31
5
9
79
38
34
85
43
59
59
48
20
33
89
12
24
46
55
7
69
62
21
62
66
96
57
22
43
27
99
95
20
28
64
100
81
40
88
82
73
69
50
0
90
92
74
74
43
20
27
48
48
7
81
27
96
30
62
7
100
61
64
13
52
68
32
93
64
50
64
45
20
87
95
32
18
3
90
66
39
86
72
32
86
89
30
7
19
29
13
24
57
37
91
89
16
99
11
29
60
32
37
3
5
65
9
69
13
12
17
77
44
53
28
73
92
31
24
63
35
26
85
92
19
61
86
96
82
37
94
2
35
3
79
11
12
43
28
69
98
67
28
28
65
98
29
64
68
21
23
8
39
88
46
24
0
15
27
17
14
4
94
8
6
57
18
32
78
66
77
63
74
97
5
88
58
62
62
85
63
87
96
37
7
45
94
10
65
80
56
76
6
69
65
23
15
65
36
72
52
40
38
98
21
23
99
75
9
86
30
60
43
44
78
72
33
17
11
69
41
43
65
27
60
77
30
48
6
55
74
67
40
16
35
33
17
22
73
70
75
66
6
46
36
32
65
77
41
16
53
95
7
37
24
27
69
11
37
97
16
62
55
52
28
33
88
3
47
70
2
48
64
29
10
46
49
73
23
89
13
3
54
80
32
57
63
64
35
35
69
42
94
91
38
0
74
19
20
50
2
4
18
92
32
98
60
71
89
94
31
82
63
7
20
71
43
62
71
90
6
70
42
33
71
13
55
60
48
32
75
36
35
41
34
7
62
7
39
0
1
22
93
4
14
5
3
16
86
18
24
88
15
100
92
75
36
27
34
11
97
32
43
69
76
85
75
2
42
3
50
0
59
51
3
43
52
40
100
5
43
22
19
30
17
28
10
23
43
37
94
73
68
53
6
98
34
43
27
94
25
28
53
44
23
94
21
55
94
20
93
11
49
21
67
8
80
20
44
23
60
32
100
88
32
98
66
51
81
58
91
7
52
50
52
35
87
51
26
66
49
76
85
18
19
5
94
81
96
51
73
58
32
5
85
50
41
49
35
2
0
1
77
34
40
32
41
100
48
76
39
23
78
50
83
76
27
41
33
35
83
21
48
23
6
43
53
13
31
80
78
69
83
18
73
58
